color:blau
background:schwarz
44441111111111111111111111111111111111111111111111111111111111111111111111111111111111111111111111111111111111111111111111111111111111111111111111111111111111111111111111111111111111111111111111111111111111111111111111110000
00110000000000000000000000000000000000000000000000000000000000000000000000000000000000000000000000000000000000000000000000000000000000000000000000000000000000000000000000000000000000000000000000000000000000000000000000001100
01000000000000000000000000000000000000000000000000000000000000000000000000000000000000000000000000000000000000000000000000000000000000000000000000000000000000000000000000000000000000000000000000000000000000000000000000000010
01000111111111111111111111111111111111111111111111111111111111111111111111111111111111111111111111111111111000000000011111111111111111111111111111111111111111111111111111111111111111111111111111111111111111111111111111100010
10001000000000000000000000000000000000000000000000000000000000000000000000000000000000000000000000000000000100000000100000000000000000000000000000000000000000000000000000000000000000000000000000000000000000000000000000010001
10010000000000000000000000000000000000000000000000000000000000000000000000000000000000000000000000000000000010000001000000000000000000000000000000000000000000000000000000000000000000000000000000000000000000000000000000001001
10010000000000000000000000000000000000000000000000000000000000000000000000000000000000000000000000000000000010000001000000000000000000000000000000000000000000000000000000000000000000000000000000000000000000000000000000001001
10010000000000000000000000000000000000000000000000000000000000000000000000000000000000000000000000000000000010000001000000000000000000000000000000000000000000000000000000000000000000000000000000000000000000000000000000001001
10010000000000000000000000000000000000000000000000000000000000000000000000000000000000000000000000000000000010000001000000000000000000000000000000000000000000000000000000000000000000000000000000000000000000000000000000001001
10010000000000000000000000000000000000000000000000000000000000000000000000000000000000000000000000000000000010000001000000000000000000000000000000000000000000000000000000000000000000000000000000000000000000000000000000001001
10010000000000000000000000000000000000000000000000000000000000000000000000000000000000000000000000000000000010000001000000000000000000000000000000000000000000000000000000000000000000000000000000000000000000000000000000001001
10010000000000000000000000000000000000000000000000000000000000000000000000000000000000000000000000000000000010000001000000000000000000000000000000000000000000000000000000000000000000000000000000000000000000000000000000001001
10010000000000003000300030003000300030003000300030003000300030003000300030003000300030003000300030000000000010000001000000000000300030003000300030003000300030003000300030003000300030003000300030003000300030003000000000001001
10010000000300000000000000000000000000000000000000000000000000000000000000000000000000000000000000003000000010000001000000030000000000000000000000000000000000000000000000000000000000000000000000000000000000000000003000001001
10010000000000000000000000000000000000000000000000000000000000000000000000000000000000000000000000000000000010000001000000000000000000000000000000000000000000000000000000000000000000000000000000000000000000000000000000001001
10010000000000000000000000000000000000000000000000000000000000000000000000000000000000000000000000000000000010000001000000000000000000000000000000000000000000000000000000000000000000000000000000000000000000000000000000001001
10010000000000000000000000000000000000000000000000003000000000000000000000000000000000000000000000000000000010000001000000000000000000000000000000000000000000000000000000003000000000000000000000000000000000000000000000001001
10010000000300000000000000000000000000000000000000000000000000000000000000000000000000000000000000003000000010000001000000030000000000000000000000000000000000000000000000000000000000000000000000000000000000000000003000001001
10010000000000000000000000000000000000000000000000000000000000000000000000000000000000000000000000000000000010000001000000000000000000000000000000000000000000000000000000000000000000000000000000000000000000000000000000001001
10010000000000000000000000000000000000000000000000000000000000000000000000000000000000000000000000000000000010000001000000000000000000000000000000000000000000000000000000000000000000000000000000000000000000000000000000001001
10010000000000000000001111111111111111111100000000003000000000111111111111111111111111111100000000000000000010000001000000000000000000111111111111111111111111111100000000003000000000111111111111111111110000000000000000001001
10010000000300000000010000000000000000000010000000000000000001000000000000000000000000000010000000003000000010000001000000030000000001000000000000000000000000000010000000000000000001000000000000000000001000000000003000001001
10010000000000000000100000000000000000000001000000000000000010000000000000000000000000000001000000000000000010000001000000000000000010000000000000000000000000000001000000000000000010000000000000000000000100000000000000001001
10010000000000000000100000000000000000000001000000000000000010000000000000000000000000000001000000000000000010000001000000000000000010000000000000000000000000000001000000000000000010000000000000000000000100000000000000001001
10010000000000000000100000000000000000000001000000003000000010000000000000000000000000000001000000000000000010000001000000000000000010000000000000000000000000000001000000003000000010000000000000000000000100000000000000001001
10010000000400000000100000000000000000000001000000000000000010000000000000000000000000000001000000003000000010000001000000030000000010000000000000000000000000000001000000000000000010000000000000000000000100000000004000001001
10010000000000000000100000000000000000000001000000000000000010000000000000000000000000000001000000000000000010000001000000000000000010000000000000000000000000000001000000000000000010000000000000000000000100000000000000001001
10010000000000000000100000000000000000000001000000000000000010000000000000000000000000000001000000000000000010000001000000000000000010000000000000000000000000000001000000000000000010000000000000000000000100000000000000001001
10010000000000000000100000000000000000000001000000003000000010000000000000000000000000000001000000000000000010000001000000000000000010000000000000000000000000000001000000003000000010000000000000000000000100000000000000001001
10010000000300000000100000000000000000000001000000000000000010000000000000000000000000000001000000003000000010000001000000030000000010000000000000000000000000000001000000000000000010000000000000000000000100000000003000001001
10010000000000000000100000000000000000000001000000000000000010000000000000000000000000000001000000000000000010000001000000000000000010000000000000000000000000000001000000000000000010000000000000000000000100000000000000001001
10010000000000000000100000000000000000000001000000000000000010000000000000000000000000000001000000000000000010000001000000000000000010000000000000000000000000000001000000000000000010000000000000000000000100000000000000001001
10010000000000000000100000000000000000000001000000003000000010000000000000000000000000000001000000000000000010000001000000000000000010000000000000000000000000000001000000003000000010000000000000000000000100000000000000001001
10010000000300000000100000000000000000000001000000000000000010000000000000000000000000000001000000003000000010000001000000030000000010000000000000000000000000000001000000000000000010000000000000000000000100000000003000001001
10010000000000000000010000000000000000000010000000000000000001000000000000000000000000000010000000000000000001000010000000000000000001000000000000000000000000000010000000000000000001000000000000000000001000000000000000001001
10010000000000000000001111111111111111111100000000000000000000111111111111111111111111111100000000000000000000111100000000000000000000111111111111111111111111111100000000000000000000111111111111111111110000000000000000001001
10010000000000000000000000000000000000000000000000003000000000000000000000000000000000000000000000000000000000000000000000000000000000000000000000000000000000000000000000003000000000000000000000000000000000000000003000001001
10010000000000000000000000000000000000000000000000000000000000000000000000000000000000000000000000000000000000000000000000000000000000000000000000000000000000000000000000000000000000000000000000000000000000000000000000001001
10010000000000000000000000000000000000000000000000000000000000000000000000000000000000000000000000000000000000000000000000000000000000000000000000000000000000000000000000000000000000000000000000000000000000000000000000001001
10010000000000000000000000000000000000000000000000000000000000000000000000000000000000000000000000000000000000000000000000000000000000000000000000000000000000000000000000000000000000000000000000000000000000000000000000001001
10010000000000000000000000000000000000000000000000000000000000000000000000000000000000000000000000000000000000000000000000000000000000000000000000000000000000000000000000000000000000000000000000000000000000000000000000001001
10010000000000000000000000000000000000000000000000000000000000000000000000000000000000000000000000000000000000000000000000000000000000000000000000000000000000000000000000000000000000000000000000000000000000000000000000001001
10010000000000000000000000000000000000000000000000000000000000000000000000000000000000000000000000000000000000000000000000000000000000000000000000000000000000000000000000000000000000000000000000000000000000000000000000001001
10010000000000000000000000000000000000000000000000000000000000000000000000000000000000000000000000000000000000000000000000000000000000000000000000000000000000000000000000000000000000000000000000000000000000000000000000001001
10010000003000030003000300030003000300030003000300030003000300030003000300030003000300030003000330003000300030003000300030003000300030003000300030003000300030003000300030003000300030003000300030003000300030003000300000001001
10010000000000000000000000000000000000000000000000000000000000000000000000000000000000000000000000000000000000000000000000000000000000000000000000000000000000000000000000000000000000000000000000000000000000000000000000001001
10010000000000000000000000000000000000000000000000000000000000000000000000000000000000000000000000000000000000000000000000000000000000000000000000000000000000000000000000000000000000000000000000000000000000000000000000001001
10010000000000000000000000000000000000000000000000000000000000000000000000000000000000000000000000000000000000000000000000000000000000000000000000000000000000000000000000000000000000000000000000000000000000000000000000001001
10010000030000000000000000000000000000000000000000000000000000000000000000030000000000000000000000000000000000000000000000000000000000000000000000003000000000000000000000003000000000000000000000000000000000000000300000001001
10010000000000000000000000000000000000000000000000030000000000000000000000000000000000000000000000000000000000000000000000000000000000000000000000000000000000000000000000000000000000000000000000000000000000000000000000001001
10010000000000000000000000000000000000000000000000000000000000000000000000000000000000000000000000000000000000000000000000000000000000000000000000000000000000000000000000000000000000000000000000000000000000000000000000001001
10010000000000000000000000000000000000000000000000000000000000000000000000000000000000000000000000000000000000000000000000000000000000000000000000000000000000000000000000000000000000000000000000000000000000000000000000001001
10010000030000000000001111111111111111111100000000030000000000111100000000030000000000111111111111111111111111111111111111111111111111111100000000003000000000111100000000003000000000111111111111111111110000000000300000001001
10010000000000000000010000000000000000000010000000000000000001000010000000000000000001000000000000000000000000000000000000000000000000000010000000000000000001000010000000000000000001000000000000000000001000000000000000001001
10010000000000000000100000000000000000000001000000000000000010000001000000000000000010000000000000000000000000000000000000000000000000000001000000000000000010000001000000000000000010000000000000000000000100000000000000001001
10010000000000000000100000000000000000000001000000000000000010000001000000000000000010000000000000000000000000000000000000000000000000000001000000000000000010000001000000000000000010000000000000000000000100000000000000001001
10010000030000000000100000000000000000000001000000030000000010000001000000030000000010000000000000000000000000000000000000000000000000000001000000003000000010000001000000003000000010000000000000000000000100000000300000001001
10010000000000000000100000000000000000000001000000000000000010000001000000000000000010000000000000000000000000000000000000000000000000000001000000000000000010000001000000000000000010000000000000000000000100000000000000001001
10010000000000000000010000000000000000000010000000000000000010000001000000000000000001000000000000000000000000000000000000000000000000000010000000000000000010000001000000000000000001000000000000000000001000000000000000001001
10010000000000000000001111111111111111111100000000000000000010000001000000000000000000111111111111111111111000000000011111111111111111111100000000000000000010000001000000000000000000111111111111111111110000000000000000001001
10010000030000000000000000000000000000000000000000030000000010000001000000030000000000000000000000000000000100000000100000000000000000000000000000003000000010000001000000003000000000000000000000000000000000000000300000001001
10010000000000000000000000000000000000000000000000000000000010000001000000000000000000000000000000000000000010000001000000000000000000000000000000000000000010000001000000000000000000000000000000000000000000000000000000001001
10010000000000000000000000000000000000000000000000000000000010000001000000000000000000000000000000000000000010000001000000000000000000000000000000000000000010000001000000000000000000000000000000000000000000000000000000001001
10010000000000000000000000000000000000000000000000000000000010000001000000000000000000000000000000000000000010000001000000000000000000000000000000000000000010000001000000000000000000000000000000000000000000000000000000001001
10010000030000000000000000000000000000000000000000030000000010000001000000030000000000000000000000000000000010000001000000000000000000000000000000003000000010000001000000003000000000000000000000000000000000000000300000001001
10010000000000000000000000000000000000000000000000000000000010000001000000000000000000000000000000000000000010000001000000000000000000000000000000000000000010000001000000000000000000000000000000000000000000000000000000001001
10010000000000000000000000000000000000000000000000000000000010000001000000000000000000000000000000000000000010000001000000000000000000000000000000000000000010000001000000000000000000000000000000000000000000000000000000001001
10010000000000000000000000000000000000000000000000000000000010000001000000000000000000000000000000000000000010000001000000000000000000000000000000000000000010000001000000000000000000000000000000000000000000000000000000001001
10010000033000300030003000300030300030003000300030030000000010000001000000030000000000300000300000030000000010000001000000000300000000003000000300003000000010000001000000003000000003000300030003000300030000300000300000001001
10010000000000000000000000000000000000000000000000000000000010000001000000000000000000000000000000000000000010000001000000000000000000000000000000000000000010000001000000000000000000000000000000000000000000000000000000001001
10010000000000000000000000000000000000000000000000000000000010000001000000000000000000000000000000000000000010000001000000000000000000000000000000000000000010000001000000000000000000000000000000000000000000000000000000001001
10010000000000000000000000000000000000000000000000000000000010000001000000000000000000000000000000000000000010000001000000000300000000000000000000000000000010000001000000000000000000000000000000000000000000000000000000001001
10010000000000000000000000000000000000000000000000030000000010000001000000000000000000000000000000030000000010000001000000000000000000000000000000000000000010000001000000003000000000000000000000000000000000000000000000001001
10010000000000000000000000000000000000000000000000000000000010000001000000000000000000000000000000000000000010000001000000000000000000000000000000000000000010000001000000000000000000000000000000000000000000000000000000001001
10010000000000000000000000000000000000000000000000000000000010000001000000000000000000000000000000000000000010000001000000000300000000000000000000000000000010000001000000000000000000000000000000000000000000000000000000001001
10001000000000000000000000000000000000000000000000000000000010000000100000000000000000000000000000000000000010000001000000000000000000000000000000000000000100000001000000000000000000000000000000000000000000000000000000010001
01000111111111111111111111111111111111111100000000030000000010000000011111111111111111111100000000030000000010000001000000000000000000111111111111111111111000000001000000003000000000111111111111111111111111111111111111100010
01000000000000000000000000000000000000000010000000000000000010000000000000000000000000000010000000000000000010000001000000000000000001000000000000000000000000000001000000000000000001000000000000000000000000000000000000000010
00110000000000000000000000000000000000000001000000000000000010000000000000000000000000000001000000000000000010000001000000000300000010000000000000000000000000000001000000000000000010000000000000000000000000000000000000001100
00001111111111111111111111111111111111110001000000000000000010000000000000000000000000000001000000000000000010000001000000000000000010000000000000000000000000000001000000000000000010001111111111111111111111111111111111110000
00000000000000000000000000000000000000001001000000030000000010000000000000000000000000000001000000030000000010000001000000000000000010000000000000000000000000000001000000003000000010010000000000000000000000000000000000000000
00000000000000000000000000000000000000001001000000000000000010000000000000000000000000000001000000000000000010000001000000000000000010000000000000000000000000000001000000000000000010010000000000000000000000000000000000000000
00000000000000000000000000000000000000001001000000000000000010000000000000000000000000000010000000000000000001000010000000000300000001000000000000000000000000000001000000000000000010010000000000000000000000000000000000000000
00000000000000000000000000000000000000001001000000000000000010000000011111111111111111111100000000000000000000111100000000000000000000111111111111111111111000000001000000000000000010010000000000000000000000000000000000000000
00000000000000000000000000000000000000001001000000030000000010000000100000000000000000000000000000030000000000000000000000000000000000000000000000000000000100000001000000003000000010010000000000000000000000000000000000000000
00000000000000000000000000000000000000001001000000000000000010000001000000000000000000000000000000000000000000000000000000000000000000000000000000000000000010000001000000000000000010010000000000000000000000000000000000000000
00000000000000000000000000000000000000001001000000000000000010000001000000000000000000000000000000000000000000000000000000000300000000000000000000000000000010000001000000000000000010010000000000000000000000000000000000000000
00000000000000000000000000000000000000001001000000000000000010000001000000000000000000000000000000000000000000000000000000000000000000000000000000000000000010000001000000000000000010010000000000000000000000000000000000000000
00000000000000000000000000000000000000001001000000030000000010000001000000000000000000000000000000030000000000000000000000000000000000000000000000000000000010000001000000003000000010010000000000000000000000000000000000000000
00000000000000000000000000000000000000001001000000000000000010000001000000000000000000000000000000000000000000000000000000000000000000000000000000000000000010000001000000000000000010010000000000000000000000000000000000000000
00000000000000000000000000000000000000001001000000000000000010000001000000000000000000000000000000000000000000000000000000000300000000000000000000003000000010000001000000000000000010010000000000000000000000000000000000000000
00000000000000000000000000000000000000001001000000000000000010000001000000000000000000000000000000000000000000000000000000000000000000000000000000000000000010000001000000000000000010010000000000000000000000000000000000000000
00000000000000000000000000000000000000001001000000030000000010000001000000030000003000300030003000300033000300030003000300033000300030003000300030000000000010000001000000003000000010010000000000000000000000000000000000000000
00000000000000000000000000000000000000001001000000000000000010000001000000000000000000000000000000000000000000000000000000000000000000000000000000000000000010000001000000000000000010010000000000000000000000000000000000000000
00000000000000000000000000000000000000001001000000000000000010000001000000000000000000000000000000000000000000000000000000000000000000000000000000003000000010000001000000000000000010010000000000000000000000000000000000000000
00000000000000000000000000000000000000001001000000000000000010000001000000000000000000000000000000000000000000000000000000000000000000000000000000000000000010000001000000000000000010010000000000000000000000000000000000000000
00000000000000000000000000000000000000001001000000030000000010000001000000030000000000000000000000000000000000000000000000000000000000000000000000000000000010000001000000003000000010010000000000000000000000000000000000000000
00000000000000000000000000000000000000001001000000000000000010000001000000000000000000000000000000000000000000000000000000000000000000000000000000000000000010000001000000000000000010010000000000000000000000000000000000000000
00000000000000000000000000000000000000001001000000000000000010000001000000000000000000000000000000000000000000000000000000000000000000000000000000003000000010000001000000000000000010010000000000000000000000000000000000000000
00000000000000000000000000000000000000001001000000000000000010000001000000000000000000000000000000000000000000000000000000000000000000000000000000000000000010000001000000000000000010010000000000000000000000000000000000000000
00000000000000000000000000000000000000001001000000030000000010000001000000030000000011111111111111111111000000000000000011111111111111111111000000000000000010000001000000003000000010010000000000000000000000000000000000000000
00000000000000000000000000000000000000001001000000000000000010000001000000000000000010000000000000000001222222222222222210000000000000000001000000000000000010000001000000000000000010010000000000000000000000000000000000000000
00000000000000000000000000000000000000001001000000000000000010000001000000000000000010000000000000000001222222222222222210000000000000000001000000003000000010000001000000000000000010010000000000000000000000000000000000000000
00000000000000000000000000000000000000001001000000000000000010000001000000000000000010011111111111111111000000000000000011111111111111111001000000000000000010000001000000000000000010010000000000000000000000000000000000000000
11111111111111111111111111111111111111110001000000030000000010000001000000030000000010010000000000000000000000000000000000000000000000001001000000000000000010000001000000003000000010001111111111111111111111111111111111111111
00000000000000000000000000000000000000000001000000000000000010000001000000000000000010010000000000000000000000000000000000000000000000001001000000003000000010000001000000000000000010000000000000000000000000000000000000000000
00000000000000000000000000000000000000000010000000000000000001000010000000000000000010010000000000000000000000000000000000000000000000001001000000000000000001000010000000000000000001000000000000000000000000000000000000000000
11111111111111111111111111111111111111111100000000000000000000111100000000000000000010010000000000000000000000000000000000000000000000001001000000000000000000111100000000000000000000111111111111111111111111111111111111111111
00000000000000000000000000000000000000000000000000030000000000000000000000030000000010010000000000000000000000000000000000000000000000001001000000000000000000000000000000003000000000000000000000000000000000000000000000000000
00000000000000000000000000000000000000000000000000000000000000000000000000000000000010010000000000000000000000000000000000000000000000001001000000000000000000000000000000000000000000000000000000000000000000000000000000000000
00000000000000000000000000000000000000000000000000000000000000000000000000000000000010010000000000000000000000000000000000000000000000001001000000003000000000000000000000000000000000000000000000000000000000000000000000000000
00000000000000000000000000000000000000000000000000000000000000000000000000000000000010010000000000000000000000000000000000000000000000001001000000000000000000000000000000000000000000000000000000000000000000000000000000000000
00000000000000000000000000000000000000000000000000030000000000000000000000030000000010010000000000000000000000000000000000000000000000001001000000000000000000000000000000003000000000000000000000000000000000000000000000000000
00000000000000000000000000000000000000000000000000000000000000000000000000000000000010010000000000000000000000000000000000000000000000001001000000000000000000000000000000000000000000000000000000000000000000000000000000000000
00000000000000000000000000000000000000000000000000000000000000000000000000000000000010010000000000000000000000000000000000000000000000001001000000003000000000000000000000000000000000000000000000000000000000000000000000000000
00000000000000000000000000000000000000000000000000000000000000000000000000000000000010010000000000000000000000000000000000000000000000001001000000000000000000000000000000000000000000000000000000000000000000000000000000000000
00000300030003000300030003300030003000300030003300030003000300030003000300030000000010010000000000000000000000000000000000000000000000001001000000000000003000300030003000300033000300030003000300033000300030003000300030000000
00000000000000000000000000000000000000000000000000000000000000000000000000000000000010010000000000000000000000000000000000000000000000001001000000000000000000000000000000003000000000000000000000000000000000000000000000000000
00000000000000000000000000000000000000000000000000000000000000000000000000000000000010010000000000000000000000000000000000000000000000001001000000003000000000000000000000000000000000000000000000000000000000000000000000000000
00000000000000000000000000000000000000000000000000000000000000000000000000000000000010010000000000000000000000000000000000000000000000001001000000000000000000000000000000000000000000000000000000000000000000000000000000000000
00000000000000000000000000000000000000000000000000030000000000000000000000030000000010010000000000000000000000000000000000000000000000001001000000000000000000000000000000000000000000000000000000000000000000000000000000000000
00000000000000000000000000000000000000000000000000000000000000000000000000000000000010010000000000000000000000000000000000000000000000001001000000000000000000000000000000000000000000000000000000000000000000000000000000000000
00000000000000000000000000000000000000000000000000000000000000000000000000000000000010010000000000000000000000000000000000000000000000001001000000003000000000000000000000003000000000000000000000000000000000000000000000000000
00000000000000000000000000000000000000000000000000000000000000000000000000000000000010010000000000000000000000000000000000000000000000001001000000000000000000000000000000000000000000000000000000000000000000000000000000000000
11111111111111111111111111111111111111111100000000030000000000111100000000030000000010010000000000000000000000000000000000000000000000001001000000000000000000111100000000000000000000111111111111111111111111111111111111111111
00000000000000000000000000000000000000000010000000000000000001000010000000000000000010010000000000000000000000000000000000000000000000001001000000000000000001000010000000000000000001000000000000000000000000000000000000000000
00000000000000000000000000000000000000000001000000000000000010000001000000000000000010010000000000000000000000000000000000000000000000001001000000003000000010000001000000003000000010000000000000000000000000000000000000000000
11111111111111111111111111111111111111110001000000000000000010000001000000000000000010010000000000000000000000000000000000000000000000001001000000000000000010000001000000000000000010001111111111111111111111111111111111111111
00000000000000000000000000000000000000001001000000030000000010000001000000030000000010011111111111111111111111111111111111111111111111111001000000000000000010000001000000000000000010010000000000000000000000000000000000000000
00000000000000000000000000000000000000001001000000000000000010000001000000000000000010000000000000000000000000000000000000000000000000000001000000000000000010000001000000000000000010010000000000000000000000000000000000000000
00000000000000000000000000000000000000001001000000000000000010000001000000000000000010000000000000000000000000000000000000000000000000000001000000003000000010000001000000003000000010010000000000000000000000000000000000000000
00000000000000000000000000000000000000001001000000000000000010000001000000000000000011111111111111111111111111111111111111111111111111111111000000000000000010000001000000000000000010010000000000000000000000000000000000000000
00000000000000000000000000000000000000001001000000030000000010000001000000030000000000000000000000000000000000000000000000000000000000000000000000000000000010000001000000000000000010010000000000000000000000000000000000000000
00000000000000000000000000000000000000001001000000000000000010000001000000000000000000000000000000000000000000000000000000000000000000000000000000000000000010000001000000000000000010010000000000000000000000000000000000000000
00000000000000000000000000000000000000001001000000000000000010000001000000000000000000000000000000000000000000000000000000000000000000000000000000003000000010000001000000003000000010010000000000000000000000000000000000000000
00000000000000000000000000000000000000001001000000000000000010000001000000000000000000000000000000000000000000000000000000000000000000000000000000000000000010000001000000000000000010010000000000000000000000000000000000000000
00000000000000000000000000000000000000001001000000030000000010000001000000030000000000000000000000000000000000000000000000000000000000000000000000000000000010000001000000000000000010010000000000000000000000000000000000000000
00000000000000000000000000000000000000001001000000000000000010000001000000000000000000000000000000000000000000000000000000000000000000000000000000000000000010000001000000000000000010010000000000000000000000000000000000000000
00000000000000000000000000000000000000001001000000000000000010000001000000000000000000000000000000000000000000000000000000000000000000000000000000003000000010000001000000003000000010010000000000000000000000000000000000000000
00000000000000000000000000000000000000001001000000000000000010000001000000000000000000000000000000000000000000000000000000000000000000000000000000000000000010000001000000000000000010010000000000000000000000000000000000000000
00000000000000000000000000000000000000001001000000030000000010000001000000030000003000300030003000300033000300030003000300033000300030003000300030030000000010000001000000000000000010010000000000000000000000000000000000000000
00000000000000000000000000000000000000001001000000000000000010000001000000000000000000000000000000000000000000000000000000000000000000000000000000000000000010000001000000000000000010010000000000000000000000000000000000000000
00000000000000000000000000000000000000001001000000000000000010000001000000000000000000000000000000000000000000000000000000000000000000000000000000003000000010000001000000003000000010010000000000000000000000000000000000000000
00000000000000000000000000000000000000001001000000000000000010000001000000000000000000000000000000000000000000000000000000000000000000000000000000000000000010000001000000000000000010010000000000000000000000000000000000000000
00000000000000000000000000000000000000001001000000030000000010000001000000030000000000000000000000000000000000000000000000000000000000000000000000000000000010000001000000000000000010010000000000000000000000000000000000000000
00000000000000000000000000000000000000001001000000000000000010000001000000000000000000000000000000000000000000000000000000000000000000000000000000000000000010000001000000000000000010010000000000000000000000000000000000000000
00000000000000000000000000000000000000001001000000000000000010000001000000000000000000000000000000000000000000000000000000000000000000000000000000000000000010000001000000003000000010010000000000000000000000000000000000000000
00000000000000000000000000000000000000001001000000000000000010000001000000000000000000000000000000000000000000000000000000000000000000000000000000003000000010000001000000000000000010010000000000000000000000000000000000000000
00000000000000000000000000000000000000001001000000030000000100000010000000030000000001111111111111111111111111111111111111111111111111111000000000000000000100000010000000000000000010010000000000000000000000000000000000000000
00000000000000000000000000000000000000001001000000000000000010000001000000000000000001000000000000000000000000000000000000000000000000000010000000000000000010000001000000000000000010010000000000000000000000000000000000000000
00000000000000000000000000000000000000001001000000000000000010000001000000000000000010000000000000000000000000000000000000000000000000000001000000000000000010000001000000003000000010010000000000000000000000000000000000000000
00000000000000000000000000000000000000001001000000000000000010000001000000000000000010000000000000000000000000000000000000000000000000000001000000000300000001000001000000000000000010010000000000000000000000000000000000000000
00000000000000000000000000000000000000001001000000030000000010000001000000003000000000111111111111111111111111111111111111111111111111111100000000000000000010000001000000000000000010010000000000000000000000000000000000000000
00000000000000000000000000000000000000001001000000000000000010000001000000000000000001000000000000000000000000000000000000000000000000000010000000000000000010000001000000000000000010010000000000000000000000000000000000000000
00000000000000000000000000000000000000001001000000000000000010000001000000000000000010000000000000000000000000000000000000000000000000000001000000000000000010000001000000003000000010010000000000000000000000000000000000000000
00000000000000000000000000000000000000001001000000000000000010000001000000000000000010000000000000000000000000000000000000000000000000000001000000003000000010000001000000000000000010010000000000000000000000000000000000000000
00000000000000000000000000000000000000001001000000030000000010000001000000003000000000111111111111111111111111111111111111111111111111111100000000000000000010000001000000000000000010010000000000000000000000000000000000000000
00000000000000000000000000000000000000001001000000000000000010000001000000000000000001000000000000000000000000000000000000000000000000000010000000000000000010000001000000000000000010010000000000000000000000000000000000000000
00000000000000000000000000000000000000001001000000000000000010000001000000000000000010000000000000000000000000000000000000000000000000000001000000000000000010000001000000003000000010010000000000000000000000000000000000000000
00000000000000000000000000000000000000001001000000000000000010000001000000000000000010000000000000000000000000000000000000000000000000000001000000003000000010000001000000000000000010010000000000000000000000000000000000000000
00000000000000000000000000000000000000001001000000030000000010000001000000003000000000111111111111111111111111111111111111111111111111111100000000000000000010000001000000000000000010010000000000000000000000000000000000000000
00000000000000000000000000000000000000001001000000000000000010000001000000000000000001000000000000000000000000000000000000000000000000000010000000000000000010000001000000000000000010010000000000000000000000000000000000000000
00000000000000000000000000000000000000001001000000000000000010000001000000000000000010000000000000000000000000000000000000000000000000000001000000000000000010000001000000003000000010010000000000000000000000000000000000000000
00000000000000000000000000000000000000001001000000030000000010000001000000003000000000111111111111111111111111111111111111111111111111111100000000000000000010000001000000000000000010010000000000000000000000000000000000000000
00000000000000000000000000000000000000001001000000000000000010000001000000000000000001000000000000000000000000000000000000000000000000000010000000000000000010000001000000000000000010010000000000000000000000000000000000000000
00000000000000000000000000000000000000001001000000000000000010000001000000000000000010000000000000000000000000000000000000000000000000000001000000000000000010000001000000003000000010010000000000000000000000000000000000000000
00000000000000000000000000000000000000001001000000030000000010000001000000003000000000111111111111111111111111111111111111111111111111111100000000000000000010000001000000000000000010010000000000000000000000000000000000000000
00000000000000000000000000000000000000001001000000000000000010000001000000000000000001000000000000000000000000000000000000000000000000000010000000000000000010000001000000000000000010010000000000000000000000000000000000000000
00000000000000000000000000000000000000001001000000000000000010000001000000000000000010000000000000000000000000000000000000000000000000000001000000000000000010000001000000003000000010010000000000000000000000000000000000000000
00000000000000000000000000000000000000001001000000000000000010000001000000000000000010000000000000000000000000000000000000000000000000000001000000003000000010000001000000000000000010010000000000000000000000000000000000000000
00001111111111111111111111111111111111110001000000030000000010000001000000030000000010000000000000000000000000000000000000000000000000000001000000000000000010000001000000000000000010001111111111111111111111111111111111110000
00110000000000000000000000000000000000000001000000000000000010000001000000000000000010000000000000000000000000000000000000000000000000000001000000000000000010000001000000000000000010000000000000000000000000000000000000001100
01000000000000000000000000000000000000000010000000000000000001000010000000000000000001000000000000000000000000000000000000000000000000000010000000000000000001000010000000003000000001000000000000000000000000000000000000000010
01000111111111111111111111111111111111111100000000000000000000111100000000000000000000111111111111111111111000000000011111111111111111111100000000000300000000111100000000000000000000111111111111111111111111111111111111100010
10001000000000000000000000000000000000000000000000030000000000000000000000030000000000000000000000000000000100000000100000000000000000000000000000000000000000000000000000000000000000000000000000000000000000000000000000010001
10010000000000000000000000000000000000000000000000000000000000000000000000000000000000000000000000000000000010000001000000000000000000000000000000000000000000000000000000000000000000000000000000000000000000000000000000001001
10010000000000000000000000000000000000000000000000000000000000000000000000000000000000000000000000000000000010000001000000000000000000000000000000000000000000000000000000003000000000000000000000000000000000000000000000001001
10000000000000000000000000000000000000000000000000000000000000000000000000000000000000000000000000000000000010000001000000000000000000000000000000000000000000000000000000000000000000000000000000000000000000000000000000001001
10010000000000000000000000000000000000000000000000030000000000000000000000030000000000000000000000000000000010000001000000000000000000000000000000000300000000000000000000000000000000000000000000000000000000000000000000001001
10010000000000000000000000000000000000000000000000000000000000000000000000000000000000000000000000000000000010000001000000000000000000000000000000000000000000000000000000000000000000000000000000000000000000000000000000001001
10010000000000000000000000000000000000000000000000000000000000000000000000000000000000000000000000003000000010000001000000003000000000000000000000000000000000000000000000003000000000000000000000000000000000000000300000001001
10010000000000000000000000000000000000000000000000000000000000000000000000000000000000000000000000000000000010000001000000000000000000000000000000000000000000000000000000000000000000000000000000000000000000000000000000001001
10010000000000000000000000000000000000000000000000030000000000000000000000030000000000000000000000000000000010000001000000000000000000000000000000000300000000000000000000000000000000000000000000000000000000000000000000001001
10010000300000300030003000300030003300030003000300030003300030003000300030003300030003000300030003003000000010000001000000003000030003000300030003000330003000300030003000330003000300030003000330003000300030003000300000001001
10010000000000000000000000000000000000000000000000000000000000000000000000000000000000000000000000000000000010000001000000000000000000000000000000000000000000000000000000003000000000000000000000000000000000000000300000001001
10010000000000000000000000000000000000000000000000000000000000000000000000000000000000000000000000000000000010000001000000000000000000000000000000000000000000000000000000000000000000000000000000000000000000000000000000001001
10010000000000000000000000000000000000000000000000030000000000000000000000030000000000000000000000003000000010000001000000000000000000000000000000000000000000000000000000000000000000000000000000000000000000000000000000001001
10010000300000000000000000000000000000000000000000000000000000000000000000000000000000000000000000000000000010000001000000003000000000000000000000000000000000000000000000000000000000000000000000000000000000000000000000001001
10010000000000000000000000000000000000000000000000000000000000000000000000000000000000000000000000000000000010000001000000000000000000000000000000000000000000000000000000003000000000000000000000000000000000000000300000001001
10010000000000000000000000000000000000000000000000000000000000000000000000000000000000000000000000000000000010000001000000000000000000000000000000000000000000000000000000000000000000000000000000000000000000000000000000001001
10010000000000000000001111111111111111111100000000030000000000111111111111111111111111111100000000003000000010000001000000000000000000111111111111111111111111111100000000000000000000111111111111111111110000000000000000001001
10010000300000000000010000000000000000000010000000000000000001000000000000000000000000000010000000000000000010000001000000003000000001000000000000000000000000000010000000000000000001000000000000000000001000000000000000001001
10010000000000000000100000000000000000000001000000000000000010000000000000000000000000000001000000000000000010000001000000000000000010000000000000000000000000000001000000003000000010000000000000000000000100000000300000001001
10010000000000000000100000000000000000000001000000000000000010000000000000000000000000000001000000000000000010000001000000000000000010000000000000000000000000000001000000000000000010000000000000000000000100000000000000001001
10010000000000000000100000000000000000000001000000030000000010000000000000000000000000000001000000003000000010000001000000000000000010000000000000000000000000000001000000000000000010000000000000000000000100000000000000001001
10010000300000000000100000000000000000000001000000000000000010000000000000000000000000000001000000000000000010000001000000003000000010000000000000000000000000000001000000003000000010000000000000000000000100000000000000001001
10010000000000000000010000000000000000000001000000000000000001000000000000000000000000000010000000000000000001000010000000000000000001000000000000000000000000000010000000000000000010000000000000000000001000000000300000001001
10010000000000000000001111111111111000000001000000000000000000111111111111111111111111111100000000000000000000111100000000000000000000111111111111111111111111111100000000000000000010000000011111111111110000000000000000001001
10010000000000000000000000000000000100000001000000030000000000000000000000000000000000000000000000003000000000000000000000000000000000000000000000000000000000000000000000000000000010000000100000000000000000000000000000001001
10010000300000000000000000000000000010000001000000000000000000000000000000000000000000000000000000000000000000000000000000003000000000000000000000000000000000000000000000003000000010000001000000000000000000000000000000001001
10010000000000000000000000000000000010000001000000000000000000000000000000000000000000000000000000000000000000000000000000000000000000000000000000000000000000000000000000000000000010000001000000000000000000000000300000001001
10010000000000000000000000000000000010000001000000000000000000000000000000000000000000000000000000000000000000000000000000000000000000000000000000000000000000000000000000000000000010000001000000000000000000000000000000001001
10010000000000000000000000000000000010000001000000030000000000000000000000000000000000000000000000003000000000000000000000000000000000000000000000030000000000000000000000000000000010000001000000000000000000000000000000001001
10010000300000000000000000000000000010000001000000000000000000000000000000000000000000000000000000000000000000000000000000003000000000000000000000000000000000000000000000003000000010000001000000000000000000000000000000001001
10010000000000000000000000000000000010000001000000000000000000000000000000000000000000000000000000000000000000000000000000000000000000000000000000000000000000000000000000000000000010000001000000000000000000000000300000001001
10010000000000000000000000000000000010000001000000000000000000000000000000000000000000000000000000000000000000000000000000000000000000000000000000000000000000000000000000000000000010000001000000000000000000000000000000001001
10010000000000000000000000000000000010000001000000030000000000000000000000000000000000000000000000003000000000000000000000003000000000000000000000030000000000000000000000000000000010000001000000000000000000000000000000001001
10010000000000003000300030003000300010000001000000300030003000300030003300030003000300030003300030003000300030003300030003000300030003300030003000300030003300030003000300030000000010000001000000000000000000000000000000001001
10010000400000000000000000000000000010000001000000000000000000000000000000000000000000000000000000000000000000000000000000000000000000000000000000000000000000000000000000000000000010000001000000030000000000000000400000001001
10010000000000000000000000000000000010000001000000000000000000000000000000000000000000000000000000000000000000000000000000000000000000000000000000000000000000000000000000000000000010000001000000000000000000000000000000001001
10010000000000000000000000000000000010000001000000030000000000000000000000030000000000000000000000003000000000000000000000000000000000000000000000030000000000000000000000000000000010000001000000000000000000000000000000001001
10010000000000000000000000003000000010000001000000000000000000000000000000000000000000000000000000000000000000000000000000000000000000000000000000000000000000000000000000003000000010000001000000000000000000000000000000001001
10010000000000000000000000000000000010000001000000000000000000000000000000000000000000000000000000000000000000000000000000000000000000000000000000000000000000000000000000000000000010000001000000030000000000000000000000001001
10001000000000000000000000000000000010000001000000000000000000000000000000000000000000000000000000000000000000000000000000000000000000000000000000000000000000000000000000000000000010000001000000000000000000000000000000010001
10000111111111111100000000000000000010000001000000030000000000111100000000030000000000111111111111111111111111111111111111111111111111111100000000030000000000111100000000000000000010000001000000000000000000111111111111100001
10000000000000000010000000003000000010000001000000000000000001000010000000000000000001000000000000000000000000000000000000000000000000000010000000000000000001000010000000003000000010000001000000000000000001000000000000000001
10000000000000000001000000000000000010000001000000000000000010000001000000000000000010000000000000000000000000000000000000000000000000000001000000000000000010000001000000000000000010000001000000030000000010000000000000000001
10000000000000000001000000000000000010000001000000000000000010000001000000000000000010000000000000000000000000000000000000000000000000000001000000000000000010000001000000000000000010000001000000000000000010000000000000000001
10000000000000000001000000000000000010000001000000030000000010000001000000030000000010000000000000000000000000000000000000000000000000000001000000030000000010000001000000000000000010000001000000000000000010000000000000000001
10000000000000000001000000003000000010000001000000000000000010000001000000000000000010000000000000000000000000000000000000000000000000000001000000000000000010000001000000003000000010000001000000000000000010000000000000000001
10000000000000000010000000000000000001000010000000000000000010000001000000000000000001000000000000000000000000000000000000000000000000000010000000000000000010000001000000000000000001000010000000030000000001000000000000000001
10000111111111111100000000000000000000111100000000000000000010000001000000000000000000111111111111111111111000000000011111111111111111111100000000000000000010000001000000000000000000111100000000000000000000111111111111100001
10001000000000000000000000000000000000000000000000030000000010000001000000030000000000000000000000000000000100000000100000000000000000000000000000030000000010000001000000000000000000000000000000000000000000000000000000010001
10010000000000000000000000003000000000000000000000000000000010000001000000000000000000000000000000000000000010000001000000000000000000000000000000000000000010000001000000003000000000000000000000030000000000000000000000001001
10010000000000000000000000000000000000000000000000000000000010000001000000000000000000000000000000000000000010000001000000000000000000000000000000000000000010000001000000000000000000000000000000000000000000000000000000001001
10010000000000000000000000000000000000000000000000000000000010000001000000000000000000000000000000000000000010000001000000000000000000000000000000000000000010000001000000000000000000000000000000000000000000000000000000001001
10010000000000000000000000000000000000000000000000030000000010000001000000030000000000000000000000000000000010000001000000000000000000000000000000030000000010000001000000000000000000000000000000000000000000000000000000001001
10010000000000000000000000003000000000000000000000000000000010000001000000000000000000000000000000000000000010000001000000000000000000000000000000000000000010000001000000003000000000000000000000030000000000000000000000001001
10010000000000000000000000000000000000000000000000000000000010000001000000000000000000000000000000000000000010000001000000000000000000000000000000000000000010000001000000000000000000000000000000000000000000000000000000001001
10010000000000000000000000000000000000000000000000000000000010000001000000000000000000000000000000000000000010000001000000000000000000000000000000000000000010000001000000000000000000000000000000000000000000000000000000001001
10010000000000000000000000000000000000000000000000030000000010000001000000030000000000000000000000030000000010000001000000000000000000000000000000030000000010000001000000000000000000000000000000000000000000000000000000001001
1001000000300003000300030003000300033000300030003000000000001000000100000300030003000300030003300030003000001000000100000300030003000300030003000000000000010000001000000003000030003000300030003000330003000300030003000301001
10010000000000000000000000000000000000000000000000000000000010000001000000000000000000000000000000000000000010000001000000000000000000000000000000000000000010000001000000000000000000000000000000000000000000000000000000001001
10010000000000000000000000000000000000000000000000000000000010000001000000000000000000000000000000000000000010000001000000000000000000000000000000000000000010000001000000000000000000000000000000000000000000000000000000001001
10010000000000000000000000000000000000000000000000000000000010000001000000000000000000000000000000030000000010000001000003000000000000000000000000000000000010000001000000000000000000000000000000000000000000000000000000001001
10010000003000000000000000000000000000000000000000000000000010000001000000000000000000000000000000000000000010000001000000000000000000000000000000000000000010000001000000000000000000000000000000000000000000000000300000001001
10010000000000000000000000000000000000000000000000000000000010000001000000000000000000000000000000000000000010000001000000000000000000000000000000000000000010000001000000000000000000000000000000000000000000000000000000001001
10010000000000000000000000000000000000000000000000000000000100000000100000000000000000000000000000000000000010000001000000000000000000000000000000000000000100000000100000000000000000000000000000000000000000000000000000001001
10010000000000000000001111111111111111111111111111111111111000000000011111111111111111111100000000030000000010000001000003000000000000111111111111111111111000000000011111111111111111111111111111111111110000000000000000001001
10010000003000000000010000000000000000000000000000000000000000000000000000000000000000000010000000000000000010000001000000000000000001000000000000000000000000000000000000000000000000000000000000000000001000000000300000001001
10010000000000000000100000000000000000000000000000000000000000000000000000000000000000000001000000000000000010000001000000000000000010000000000000000000000000000000000000000000000000000000000000000000000100000000000000001001
10010000000000000000100000000000000000000000000000000000000000000000000000000000000000000001000000000000000010000001000000000000000010000000000000000000000000000000000000000000000000000000000000000000000100000000000000001001
10010000000000000000100000000000000000000000000000000000000000000000000000000000000000000001000000030000000010000001000003000000000010000000000000000000000000000000000000000000000000000000000000000000000100000000000000001001
10010000003000000000100000000000000000000000000000000000000000000000000000000000000000000001000000000000000010000001000000000000000010000000000000000000000000000000000000000000000000000000000000000000000100000000300000001001
10010000000000000000010000000000000000000000000000000000000000000000000000000000000000000010000000000000000001000010000000000000000001000000000000000000000000000000000000000000000000000000000000000000001000000000000000001001
10010000000000000000001111111111111111111111111111111111111111111111111111111111111111111100000000000000000000111100000003000000000000111111111111111111111111111111111111111111111111111111111111111111110000000000000000001001
10010000000000000000000000000000000000000000000000000000000000000000000000000000000000000000000000030000000000000000000000000000000000000000000000000000000000000000000000000000000000000000000000000000000000000000000000001001
10010000003000000000000000000000000000000000000000000000000000000000000000000000000000000000000000000000000000000000000000000000000000000000000000000000000000000000000000000000000000000000000000000000000000000000300000001001
10010000000000000000000000000000000000000000000000000000000000000000000000000000000000000000000000000000000000000000000000000000000000000000000000000000000000000000000000000000000000000000000000000000000000000000000000001001
10010000000000000000000000000000000000000000000000000000000000000000000000000000000000000000000000000000000000000000000000000000000000000000000000000000000400000000000000000000000000000000000000000000000000000000000000001001
10010000000000000000000000000000000000000000000000000000000000000000000000000000000000000000000000000000000000000000000000000000000000000000000000000000000000000000000000000000000000000000000000000000000000000000000000001001
10010000003000000000000000000000000000000000000000000000000000000000000000000000000000000000000000000000000000000000000000000000000000000000000000000000000000000000000000000000000000000000000000000000000000000000300000001001
10010000000000000000000000000000000000000000000000000000000000000000000000000000000000000000000000000000000000000000000000000000000000000000000000000000000000000000000000000000000000000000000000000000000000000000000000001001
10010000000000000000000000000000000000000000000000000000000000000000000000000000000000000000000000000000000000000000000000000000000000000000000000000000000000000000000000000000000000000000000000000000000000000000000000001001
10010000000000000000000000000000000000000000000000000000000000000000000000000000000000000000000000000000000000000000000000000000000000000000000000000000000000300000000000000000000000000000000000000000000000000000000000001001
10010000003000030003000300030003000330003000300030003000330003000300030003000330003000300030003000330003000300030003000330003000300030003000330003000300030003000330003000300030003000330003000300030003000330003000300000001001
10010000000000000000000000000000000000000000000000000000000000000000000000000000000000000000000000000000000000000000000000000000000000000000000000000000000000000000000000000000000000000000000000000000000000000000000000001001
10010000000000000000000000000000000000000000000000000000000000000000000000000000000000000000000000000000000000000000000000000000000000000000000000000000000000000000000000000000000000000000000000000000000000000000000000001001
10010000000000000000000000000000000000000000000000000000000000000000000000000000000000000000000000000000000000000000000000000000000000000000000000000000000000000000000000000000000000000000000000000000000000000000000000001001
10010000000000000000000000000000000000000000000000000000000000000000000000000000000000000000000000000000000000000000000000000000000000000000000000000000000000000000000000000000000000000000000000000000000000000000000000001001
10010000000000000000000000000000000000000000000000000000000000000000000000000000000000000000000000000000000000000000000000000000000000000000000000000000000000000000000000000000000000000000000000000000000000000000000000001001
10001000000000000000000000000000000000000000000000000000000000000000000000000000000000000000000000000000000000000000000000000000000000000000000000000000000000000000000000000000000000000000000000000000000000000000000000010001
01000111111111111111111111111111111111111111111111111111111111111111111111111111111111111111111111111111111111111111111111111111111111111111111111111111111111111111111111111111111111111111111111111111111111111111111111100010
01000000000000000000000000000000000000000000000000000000000000000000000000000000000000000000000000000000000000000000000000000000000000000000000000000000000000000000000000000000000000000000000000000000000000000000000000000010
00110000000000000000000000000000000000000000000000000000000000000000000000000000000000000000000000000000000000000000000000000000000000000000000000000000000000000000000000000000000000000000000000000000000000000000000000001100
00001111111111111111111111111111111111111111111111111111111111111111111111111111111111111111111111111111111111111111111111111111111111111111111111111111111111111111111111111111111111111111111111111111111111111111111111110000